22:{0, 1, 2, 3, 260, 10, 138, 16, 280, 26, 35, 37, 38, 172, 62, 63, 81, 87, 88, 89, 91, 93}
45:{5, 262, 7, 8, 9, 263, 11, 264, 265, 266, 143, 267, 145, 269, 272, 273, 21, 22, 24, 25, 34, 166, 40, 45, 46, 49, 50, 51, 53, 54, 55, 57, 58, 64, 65, 66, 71, 72, 73, 78, 92, 95, 481, 98, 251}
42:{394, 407, 409, 410, 415, 416, 417, 420, 421, 422, 423, 424, 428, 429, 438, 439, 440, 447, 451, 452, 453, 454, 455, 463, 464, 466, 468, 343, 344, 345, 473, 474, 350, 357, 360, 361, 491, 368, 369, 496, 497, 498}
49:{282, 490, 493, 472, 332, 333, 334, 335, 336, 337, 338, 339, 340, 341, 342, 465, 467, 469, 346, 347, 470, 349, 471, 351, 352, 353, 354, 355, 356, 476, 358, 359, 477, 480, 483, 485, 364, 486, 366, 487, 488, 489, 370, 371, 492, 245, 246, 495, 499}
58:{135, 399, 152, 30, 31, 286, 161, 288, 169, 170, 298, 300, 173, 176, 178, 180, 181, 182, 183, 190, 192, 193, 200, 201, 204, 205, 207, 208, 210, 211, 212, 213, 214, 218, 224, 229, 102, 103, 231, 105, 106, 107, 109, 110, 111, 112, 113, 114, 241, 116, 117, 119, 120, 121, 122, 123, 124, 125}
32:{390, 283, 284, 290, 293, 427, 305, 306, 307, 308, 309, 310, 311, 312, 313, 314, 315, 316, 317, 318, 319, 320, 321, 322, 324, 325, 374, 376, 378, 379, 380, 381}
70:{132, 144, 146, 148, 149, 150, 151, 279, 155, 285, 287, 32, 33, 162, 289, 291, 165, 292, 296, 297, 171, 299, 301, 174, 48, 184, 185, 186, 187, 188, 189, 194, 195, 196, 198, 199, 202, 203, 206, 80, 86, 216, 217, 220, 94, 222, 96, 223, 225, 226, 100, 101, 227, 228, 104, 230, 232, 234, 108, 235, 236, 237, 238, 239, 242, 115, 243, 244, 118, 126}
64:{384, 385, 386, 387, 388, 389, 391, 392, 393, 395, 396, 397, 398, 400, 401, 402, 403, 404, 405, 406, 408, 411, 412, 413, 414, 419, 294, 295, 425, 426, 302, 303, 304, 430, 431, 432, 433, 434, 435, 436, 437, 441, 442, 443, 445, 446, 448, 449, 450, 457, 458, 459, 461, 462, 475, 362, 363, 365, 367, 373, 375, 377, 382, 383}
68:{128, 129, 130, 133, 134, 136, 137, 139, 12, 13, 14, 15, 140, 17, 18, 19, 20, 141, 142, 23, 147, 153, 154, 27, 28, 29, 156, 157, 158, 159, 160, 163, 36, 164, 39, 168, 41, 42, 43, 44, 47, 177, 179, 52, 56, 59, 60, 191, 68, 69, 70, 197, 75, 76, 77, 79, 209, 82, 83, 84, 85, 215, 90, 221, 97, 233, 240, 127}
40:{256, 258, 259, 4, 261, 6, 268, 270, 271, 274, 275, 276, 277, 278, 281, 326, 327, 328, 329, 74, 330, 331, 456, 460, 219, 478, 479, 482, 99, 484, 494, 372, 247, 248, 249, 250, 252, 253, 254, 255}
