32:	245	258	268	275	278	281	282	326	327	328	329	331	334	337	372	458	459	460	461	462	465	476	477	478	479	480	482	484	487	492	493	494	
44:	333	335	336	338	339	340	341	342	343	346	347	348	349	351	352	353	354	355	356	357	358	359	362	363	364	366	367	368	369	370	371	411	415	416	419	466	467	468	469	470	471	472	489	490	
74:	100	101	102	103	104	105	106	107	108	114	115	116	117	118	119	120	121	124	125	126	148	151	183	184	185	186	187	188	189	194	196	199	200	201	202	203	204	205	206	207	216	217	218	219	220	222	223	226	227	230	235	238	242	247	279	283	285	286	287	288	289	291	292	294	296	297	299	300	301	373	400	403	425	456	
223:	0	1	2	3	4	5	6	7	8	9	10	11	12	13	14	15	16	17	18	19	20	21	22	23	24	25	26	27	28	29	30	31	32	33	34	35	36	37	38	39	40	41	42	43	44	45	46	47	48	49	50	51	52	53	54	55	56	57	58	59	60	61	62	63	64	65	66	67	68	69	70	71	72	73	74	75	76	77	78	79	80	81	82	83	84	85	86	87	88	89	90	91	92	93	94	95	96	97	98	99	109	110	111	112	113	122	123	127	128	129	130	131	132	133	134	135	136	137	138	139	140	141	142	143	144	145	146	147	149	150	152	153	154	155	156	157	158	159	160	161	162	163	164	165	166	167	168	169	170	171	172	173	174	175	176	177	178	179	180	181	182	190	191	192	193	195	197	198	208	209	210	211	212	213	214	215	221	224	225	228	229	231	232	233	234	236	237	239	240	241	243	244	248	249	250	251	252	253	254	255	256	257	259	260	261	262	263	264	265	266	267	269	270	271	272	273	274	276	277	280	298	399	481	
69:	284	290	295	302	303	304	305	312	313	318	319	322	323	324	325	365	374	375	376	377	379	382	383	384	385	386	387	388	389	390	391	392	393	395	396	397	398	401	402	404	405	406	408	412	413	414	426	427	430	431	432	433	434	435	436	437	438	441	442	443	444	445	446	448	449	450	457	463	475	
13:	246	330	332	483	485	486	488	491	495	496	497	498	499	
17:	293	306	307	308	309	310	311	314	315	316	317	320	321	378	380	381	429	
22:	344	350	360	361	394	407	409	410	417	418	420	421	422	423	428	439	440	447	451	452	464	474	
5:	424	453	454	455	473	
1:	345	
