79: 1 3 4 5 6 7 8 9 10 11 16 24 26 34 40 45 46 48 50 51 54 62 63 65 67 71 72 73 74 80 81 86 87 88 92 93 96 98 99 143 146 244 248 249 250 252 253 254 255 256 257 258 259 260 261 263 264 265 266 267 268 269 270 271 272 273 274 275 276 277 278 280 282 329 334 479 481 482 484 
34: 333 335 336 337 338 339 340 341 342 346 347 348 349 351 352 353 354 355 356 357 358 359 364 366 370 371 465 467 469 470 471 472 477 489 
137: 2 12 13 14 15 17 18 19 20 21 22 23 25 27 28 29 30 31 35 36 37 38 39 41 42 43 44 47 49 52 53 55 56 57 58 59 60 61 64 66 68 69 70 75 76 77 78 79 82 83 84 85 89 90 91 95 97 109 110 111 112 122 123 127 128 129 130 132 133 134 135 136 137 138 139 140 141 142 144 145 147 150 152 153 154 156 157 158 159 160 161 163 164 165 166 167 168 169 170 171 172 175 176 177 178 179 180 181 182 190 191 192 193 195 197 208 209 210 211 212 213 214 215 221 224 228 231 232 233 236 237 239 240 241 251 262 298 
19: 293 306 307 308 309 310 311 314 315 316 317 320 321 323 324 325 378 380 381 
26: 245 246 326 327 328 330 331 332 374 476 480 483 485 486 487 488 490 491 492 493 494 495 496 497 498 499 
75: 284 290 295 302 303 304 305 312 313 318 319 322 362 363 365 367 372 375 376 377 379 382 383 384 385 386 387 388 389 390 391 392 393 395 396 397 398 400 401 402 404 405 406 408 411 412 413 414 419 425 426 427 430 431 432 433 434 435 436 437 441 442 443 444 445 446 448 449 450 457 458 459 461 462 475 
92: 0 32 33 94 100 101 102 103 104 105 106 107 108 113 114 115 116 117 118 119 120 121 124 125 126 131 148 149 151 155 162 173 174 183 184 185 186 187 188 189 194 196 198 199 200 201 202 203 204 205 206 207 216 217 218 219 220 222 223 225 226 227 229 230 234 235 238 242 243 247 279 281 283 285 286 287 288 289 291 292 294 296 297 299 300 301 373 399 403 456 460 478 
35: 343 344 350 360 361 368 369 394 407 409 410 415 416 417 418 420 421 422 423 424 428 429 438 439 440 447 451 452 453 454 463 464 466 468 474 
1: 345 
2: 455 473 
