23: 0 1 2 3 10 16 26 35 37 38 61 62 63 81 87 88 89 91 93 138 172 260 280 
46: 5 7 8 9 11 21 22 24 25 34 40 45 46 49 50 51 53 54 55 57 58 64 65 66 67 71 72 73 78 92 95 98 143 145 166 251 262 263 264 265 266 267 269 272 273 481 
43: 343 344 345 350 357 360 361 368 369 394 407 409 410 415 416 417 418 420 421 422 423 424 428 429 438 439 440 447 451 452 453 454 455 463 464 466 468 473 474 491 496 497 498 
50: 245 246 282 332 333 334 335 336 337 338 339 340 341 342 346 347 348 349 351 352 353 354 355 356 358 359 364 366 370 371 465 467 469 470 471 472 476 477 480 483 485 486 487 488 489 490 492 493 495 499 
59: 30 31 102 103 105 106 107 109 110 111 112 113 114 116 117 119 120 121 122 123 124 125 135 152 161 169 170 173 175 176 178 180 181 182 183 190 192 193 200 201 204 205 207 208 210 211 212 213 214 218 224 229 231 241 286 288 298 300 399 
33: 283 284 290 293 305 306 307 308 309 310 311 312 313 314 315 316 317 318 319 320 321 322 323 324 325 374 376 378 379 380 381 390 427 
71: 32 33 48 80 86 94 96 100 101 104 108 115 118 126 131 132 144 146 148 149 150 151 155 162 165 171 174 184 185 186 187 188 189 194 195 196 198 199 202 203 206 216 217 220 222 223 225 226 227 228 230 232 234 235 236 237 238 239 242 243 244 279 285 287 289 291 292 296 297 299 301 
65: 294 295 302 303 304 362 363 365 367 373 375 377 382 383 384 385 386 387 388 389 391 392 393 395 396 397 398 400 401 402 403 404 405 406 408 411 412 413 414 419 425 426 430 431 432 433 434 435 436 437 441 442 443 444 445 446 448 449 450 457 458 459 461 462 475 
69: 12 13 14 15 17 18 19 20 23 27 28 29 36 39 41 42 43 44 47 52 56 59 60 68 69 70 75 76 77 79 82 83 84 85 90 97 127 128 129 130 133 134 136 137 139 140 141 142 147 153 154 156 157 158 159 160 163 164 167 168 177 179 191 197 209 215 221 233 240 
41: 4 6 74 99 219 247 248 249 250 252 253 254 255 256 257 258 259 261 268 270 271 274 275 276 277 278 281 326 327 328 329 330 331 372 456 460 478 479 482 484 494 
