1: 345 
26: 245 246 326 327 328 330 331 332 374 476 480 483 485 486 488 489 490 491 492 493 494 495 496 497 498 499 
16: 293 306 307 308 309 310 311 314 315 316 317 320 321 378 380 381 
69: 281 333 335 336 337 338 339 340 341 346 347 348 349 352 353 354 355 356 358 359 362 363 364 365 366 367 368 370 372 375 390 391 392 393 396 397 398 406 408 411 412 413 414 415 416 419 430 432 435 437 441 442 443 446 448 449 450 457 458 459 461 462 465 467 469 470 472 477 487 
49: 100 283 284 290 291 294 295 296 302 303 304 305 312 313 318 319 322 323 324 325 373 376 377 379 382 383 384 385 386 387 388 389 395 400 401 402 403 404 405 425 426 427 431 433 434 436 444 445 475 
115: 2 12 13 14 15 17 18 19 20 21 22 23 25 27 28 29 30 31 35 36 37 38 39 41 42 43 44 47 49 52 53 55 56 57 58 59 60 61 64 66 68 69 70 75 76 77 78 79 82 83 84 85 89 90 91 95 97 109 112 123 127 128 129 130 132 133 134 135 136 137 138 139 140 141 142 144 145 147 152 153 154 156 157 158 159 160 163 164 165 166 167 168 169 170 172 176 177 179 191 192 197 209 210 211 214 215 221 233 237 239 240 241 251 262 298 
101: 32 33 94 101 102 103 104 105 106 107 108 110 111 113 114 115 116 117 118 119 120 121 122 124 125 126 131 148 149 150 151 155 161 162 171 173 174 175 178 180 181 182 183 184 185 186 187 188 189 190 193 194 195 196 198 199 200 201 202 203 204 205 206 207 208 212 213 216 217 218 220 222 223 224 225 226 227 228 229 230 231 232 234 235 236 238 242 243 279 285 286 287 288 289 292 297 299 300 301 399 456 
5: 424 453 454 455 473 
84: 0 1 3 4 5 6 7 8 9 10 11 16 24 26 34 40 45 46 48 50 51 54 62 63 65 67 71 72 73 74 80 81 86 87 88 92 93 96 98 99 143 146 219 244 247 248 249 250 252 253 254 255 256 257 258 259 260 261 263 264 265 266 267 268 269 270 271 272 273 274 275 276 277 278 280 282 329 334 460 478 479 481 482 484 
34: 342 343 344 350 351 357 360 361 369 371 394 407 409 410 417 418 420 421 422 423 428 429 438 439 440 447 451 452 463 464 466 468 471 474 
